00172 2907 60
64679 0929 01
00172 4626 60
50111 0441 01
00186 1088 05
00555 0917 09
00456 1420 30
00093 5208 01
63010 0027 70
55513 0073 30
00093 0537 01
00228 2634 06
00006 0749 54
00093 2204 01
63459 0215 30
00093 0220 56
55111 0198 30
53014 0404 10
00145 0091 25
00378 2675 01
00172 5312 70
00093 0154 01
00093 7220 06
55111 0180 15
00378 0724 19
00093 7772 01
00093 1061 01
50111 0309 01
00093 2130 01
00093 7326 01
53489 0648 01
00378 1813 01
00093 7169 56
00093 0051 01
00093 7206 56
00093 7270 98
00172 5032 60
00093 0132 01
00074 7070 90
00555 0832 02
50111 0563 01
00093 7426 56
50111 0328 01
00093 7336 06
00093 0076 01
00781 1507 01
00093 5171 20
00093 2264 01
00093 7671 01
00002 3250 30
00172 5313 60
00093 0039 01
00093 0017 01
00054 0109 25
00093 4235 01
00093 7259 56
66582 0312 31
00555 1883 02
00172 5034 60
00378 6440 01
59762 5018 01
49884 0401 91
00002 3251 30
16714 0663 01
00093 7287 89
00093 5711 01
00093 7247 06
00093 2046 56
00093 7303 65
00093 5353 01
00093 0734 01
00173 0755 00
00172 2083 60
00378 1053 01
00093 5035 01
00378 0501 01
00172 5413 46
00603 6148 21
00037 2250 10
00003 4222 16
00007 4896 20
00093 4233 01
00555 0925 02
66993 0107 02
00378 2072 01
00093 5246 65
00093 7152 98
00172 5311 60
00078 0358 34
68180 0481 01
00002 3228 30
00172 4357 49
00093 1122 01
00555 0874 02
00093 7207 56
00093 0753 01
23635 0108 20
64720 0323 10
00093 0026 01
00186 0520 60
50111 0397 01
00228 2803 11
00093 5501 01
63304 0830 90
00093 4740 01
00093 2131 01
63459 0416 30
50111 0324 01
66582 0313 31
55111 0343 30
00069 4210 30
00378 1110 01
00172 5728 60
00093 7222 98
00378 0216 01
00093 0771 98
00093 0054 01
00172 5411 46
00093 5256 68
99207 0467 30
00093 0658 01
00093 7158 06
52544 0291 28
00591 5554 01
68462 0163 01
68180 0479 01
00007 4471 20
00093 5119 98
00093 4359 01
00245 0041 11
50111 0323 01
00456 0457 01
51285 0424 10
00093 5215 01
00093 0463 01
00093 2055 06
53489 0146 01
00093 2158 01
00093 7224 98
62037 0793 60
00093 0784 06
00149 0007 05
00093 0755 06
59762 4960 01
00093 7796 06
00093 0926 06
50458 0925 50
63459 0402 30
00093 0318 01
50111 0333 01
00093 1041 01
50111 0468 01
00555 1021 01
00093 7338 01
51672 4032 01
00093 1172 01
00093 7314 56
00093 7540 06
00555 9008 67
49884 0922 02
00093 7493 06
00093 4068 01
00555 0834 02
16729 0042 01
00555 0715 58
00093 7334 01
00143 1241 01
63459 0700 60
00093 7438 01
00378 0183 01
50419 0488 58
00781 1787 01
00093 4444 01
00093 3129 01
68180 0502 01
60505 5307 01
00054 4728 25
50111 0482 01
00093 7296 01
64764 0805 30
51285 0754 02
00555 0733 02
00002 4464 30
00093 3012 84
00007 4893 20
00074 9296 90
63459 0101 30
00093 0058 01
00093 4236 01
00093 0058 05
00228 2551 06
00172 7311 46
00832 0038 00
00555 0302 02
68462 0361 01
00093 7178 01
59762 2002 01
00093 0733 01
00228 2633 06
00009 7663 04
00056 0170 70
00093 5385 06
00093 0199 01
00093 3109 53
00378 2625 01
00004 0800 85
00093 0012 98
00781 5189 01
00093 0314 01
00555 0588 01
65862 0054 30
00093 7198 56
00378 1811 01
00093 2061 98
00093 7425 56
00185 0149 01
00093 2080 01
00093 7121 98
49230 0640 21
16110 0075 01
00078 0572 15
00378 2077 01
00093 1060 01
00093 7355 56
00597 0044 37
31722 0278 10
00555 0808 02
00093 7466 98
51672 4035 01
00093 5506 56
00555 0066 02
00093 0320 01
51285 0523 02
00555 0285 02
00781 2054 01
53489 0143 01
00093 3193 01
00093 2203 01
68382 0022 01
59762 1301 01
00555 0140 09
49884 0403 91
00555 0997 02
00555 1020 01
00093 0090 01
62037 0577 01
00093 4404 01
63304 0553 05
00591 3202 01
00093 5420 88
00093 0029 01
00093 7242 06
00591 0302 01
00781 5405 01
00093 0752 01
00093 7146 56
00591 5556 01
00173 0933 08
62756 0712 86
00173 0759 60
00093 5036 01
51285 0063 90
00378 0186 01
00093 7304 65
51285 0091 58
00555 0926 02
00093 7188 56
00781 1486 01
00056 0188 70
00555 1055 86
00093 7155 98
51285 0083 70
59762 5033 02
50111 0787 66
00093 5289 56
00093 5770 56
65597 0701 18
00093 7147 56
00093 0924 01
00093 8035 01
00093 0041 65
00093 7383 01
00378 1823 01
00093 5124 01
00093 1063 01
42043 0190 04
39822 0205 01
00555 9009 42
00185 0053 01
00185 0505 01
00378 6233 01
00093 0670 06
50111 0398 01
51672 4016 01
00093 1893 01
00781 5186 01
00173 0135 55
62559 1507 00
63304 0827 90
00378 0722 19
00145 3817 03
00093 0928 06
00093 1024 06
00013 5301 17
00093 5127 01
00093 5851 01
00378 7003 93
00143 1425 01
00378 1411 01
51285 0538 02
00093 3010 84
00378 0305 01
00781 2201 01
00093 7350 56
00093 4059 53
00378 0143 01
67877 0147 01
00093 0147 01
47335 0894 81
00074 3040 11
00378 3495 01
00172 5412 79
00555 0869 02
00603 6147 21
00078 0359 34
65862 0012 30
00093 0757 01
00074 6594 90
00172 4366 60
00093 1016 01
00172 5361 60
00832 1025 00
00172 3649 60
00093 5142 56
65580 0302 03
00378 2076 01
00093 7795 06
00591 5694 01
00093 0778 01
00093 7477 01
55111 0344 30
50111 0470 01
16252 0572 50
00378 3632 01
00603 2957 21
00172 4960 58
00555 0860 02
00002 3229 30
00378 1150 01
00172 2908 60
00093 5206 01
00093 0688 01
68462 0160 01
00378 3475 01
00093 7293 53
50111 0884 05
00056 0176 70
00093 1048 98
00054 4182 25
00093 7146 18
50111 0433 01
00093 0173 56
53489 0400 01
00093 1087 01
65862 0156 30
00093 7670 01
00093 9133 06
00093 5062 05
00093 4030 01
00781 5181 01
53489 0105 01
65162 0212 11
00007 4892 20
00093 4237 01
00591 3210 60
51285 0690 02
16252 0591 99
47781 0307 01
00093 7294 01
00781 1506 01
68462 0208 01
00228 2127 10
00006 0112 54
00555 0252 02
68546 0229 56
00093 7285 89
10144 0606 15
00781 1452 01
49884 0653 01
65862 0050 30
00143 1257 01
00093 5703 01
00093 5850 01
53489 0139 01
00555 0138 09
00172 3761 60
00093 0148 01
00093 0221 06
50111 0395 01
00093 0810 01
00093 3171 01
00555 0590 01
50111 0467 01
00185 0124 01
67767 0133 60
00093 9107 29
00093 0813 01
60505 2580 09
00093 7223 98
00093 4338 01
00093 7325 01
00555 1057 86
00378 5124 01
50111 0647 01
65862 0155 30
00378 2650 01
00093 7286 89
00093 5117 98
00378 3205 01
50111 0469 01
00378 4151 01
00310 0281 60
00781 2020 05
65862 0053 30
00555 0323 02
00093 0782 56
00228 2779 11
68180 0518 01
00143 3367 01
64764 0918 30
00093 4741 01
00555 0831 02
00555 0861 02
00093 7254 01
00093 2272 34
00597 0046 60
00555 0324 02
00143 9919 01
00781 5187 01
00093 2931 01
00093 7157 06
51285 0697 02
59762 5019 01
00172 4285 60
68453 0375 10
00093 7240 06
60505 0065 01
00093 4356 01
00093 7436 01
00085 1322 01
00093 8036 01
50458 0551 01
00093 7115 98
00169 0081 81
68180 0478 01
00054 0017 25
55111 0197 30
23155 0062 01
00555 1056 86
00378 3855 77
00378 2180 01
00378 1809 01
00378 1803 01
00093 7113 06
00074 9189 90
51285 0524 02
00093 5247 65
00378 6232 01
00456 3210 60
00378 2073 01
00173 0760 60
00054 0166 25
00093 5061 01
00093 2268 01
60505 0185 00
00007 4891 20
00074 7068 19
00591 5442 01
00093 7212 01
00378 5123 01
00093 7381 01
00187 0844 01
59148 0006 13
65862 0052 30
00093 1015 01
00093 2932 01
00093 4067 01
00172 4358 46
99207 0461 30
00009 0055 01
00781 1966 01
00093 5207 01
63304 0693 01
00093 0900 01
51285 0079 97
00555 9010 58
43386 0660 24
54092 0517 02
00555 0779 02
00071 0419 24
00093 7214 98
51285 0080 70
66213 0421 10
00555 0899 02
00173 0565 04
00555 9027 42
50111 0916 01
00555 9025 42
00527 1311 01
00093 1026 06
00186 1090 05
00228 2717 11
00378 0208 01
00093 5712 01
50458 0580 30
50111 0325 01
00527 1413 01
00591 5788 01
00378 0505 01
00071 1015 68
00078 0521 15
00093 2075 01
00093 1118 01
00555 9032 70
54092 0189 81
00075 7700 60
00781 5191 01
00603 3079 21
00228 2128 10
60505 0146 00
00093 5710 01
00093 1006 01
00071 0155 23
00093 1052 01
00173 0595 00
00555 9028 58
00093 7208 56
00093 5140 56
00093 5214 01
00093 5172 20
00093 0576 06
00093 0811 01
00093 0155 06
00093 7241 06
51285 0087 87
00093 5112 98
00093 7386 56
10144 0604 15
00093 7327 01
63459 0412 30
00555 0513 02
00006 0277 54
00172 4096 60
47335 0580 81
00093 5141 56
00603 5771 21
59762 5011 01
12496 1283 02
00172 5729 60
00093 0787 01
53489 0135 01
50111 0308 01
53489 0384 01
55111 0196 90
59762 2004 01
65862 0044 01
00078 0360 34
52544 0913 01
00093 0233 56
00555 1022 01
00093 7181 01
00591 5307 01
00093 7305 65
00093 0083 98
68012 0104 30
00093 5050 06
00093 5502 01
00093 3125 01
00093 2048 56
00093 7295 01
68382 0023 01
00093 7335 06
65197 0002 01
00093 3123 01
00002 4463 30
00378 0184 01
53746 0190 05
00178 0615 01
50458 0579 30
00781 1191 01
68180 0501 01
00093 7201 98
00093 7153 56
00555 0873 02
00228 2550 06
00173 0556 02
00172 4365 60
00093 4234 01
00172 7312 46
00093 0311 01
00591 2473 19
59762 2003 01
00172 3762 60
00071 1017 68
50111 0393 01
00603 3856 21
50111 0852 01
50111 0434 01
51248 0151 03
00093 1077 01
59762 5021 01
00781 1487 01
00093 7365 56
00555 0635 09
00378 6231 01
00781 5188 01
00093 5049 06
53489 0469 01
00093 0892 01
27437 0201 08
64980 0112 01
65862 0144 01
00555 9016 58
00172 3758 60
00007 4642 13
00093 4232 01
00093 1174 01
00093 0536 01
00555 0059 02
29033 0020 12
62037 0640 30
00093 0657 01
00078 0486 15
00093 5118 98
00172 4364 60
00093 7227 72
00555 9026 58
00172 5033 60
00555 9014 67
00591 5052 01
00555 0833 02
59762 5008 01
00093 7116 98
00093 5504 56
00093 7167 98
00378 2074 01
00029 3159 13
00093 5150 01
50111 0327 01
00093 3011 01
00093 2060 98
00093 5507 56
00186 1092 05
00310 0282 60
00555 0633 02
00378 1815 01
00093 5290 56
00093 2047 56
00093 3167 53
00832 1024 00
00093 3160 06
00555 0607 02
68382 0024 01
00093 7182 01
00093 7437 01
00781 2053 01
63459 0404 30
59762 5024 01
00555 0211 10
00131 2478 35
00093 7243 06
00378 1125 01
00378 0350 01
00172 3757 60
65862 0142 01
00172 2662 46
00185 0117 01
52544 0152 30
00378 1140 01
00069 2600 66
00555 0485 27
00093 7366 56
00093 4443 01
59762 4910 01
00555 0484 01
00093 7382 01
41616 0636 83
00555 9034 58
00093 5455 28
41616 0759 83
64679 0953 01
00093 0983 01
13811 0583 30
68968 3500 01
00781 5183 01
00378 1105 01
65597 0118 30
68180 0480 01
00173 0785 01
00093 7292 53
59762 5022 01
00093 5213 01
51285 0406 02
00781 5184 01
00093 0135 01
00378 1010 01
60505 1308 01
50111 0334 01
00093 1044 01
51672 4033 01
00093 7156 56
00378 1165 91
00093 2270 34
00603 5165 32
49884 0652 01
00093 7364 98
00074 1973 54
51285 0092 87
00093 4069 01
00781 5046 01
00781 1146 01
00093 1062 01
00781 5185 01
00172 2089 60
51285 0539 02
25010 0205 15
00093 5505 56
51285 0082 97
00093 2929 01
00378 1819 01
50111 0459 01
00093 5105 56
65580 0304 03
51285 0114 58
00093 7443 56
50111 0483 01
00172 7310 46
63304 0579 01
00555 0967 02
50111 0901 01
00093 7155 56
00093 7442 56
65580 0303 03
00555 0286 02
00093 5125 01
00185 0048 01
53489 0510 01
49884 0544 01
00093 2267 01
50111 0471 01
60505 2671 09
00555 0589 01
00093 2275 34
00093 1005 01
00093 0756 01
00093 2274 34
00093 5126 01
51672 4030 01
00555 0859 02
00378 3857 77
00143 1268 01
68546 0142 56
00591 0388 01
00093 3127 01
00069 1540 68
00093 7385 56
00023 9350 07
00093 8940 01
00093 7536 56
00093 7234 01
53489 0138 01
00143 1227 01
00093 2210 98
00093 7464 56
00555 0071 01
00310 0279 10
00555 0835 02
63459 0701 60
00143 1240 01
00074 5182 19
00093 0852 53
00093 7236 56
00093 0109 01
51285 0595 02
50111 0648 01
00093 2263 01
68462 0358 05
00378 2537 01
00093 1025 06
00093 7219 06
51285 0692 02
53489 0531 01
00093 3147 01
00777 3105 02
58468 0130 01
00555 0887 02
00555 0969 02
00143 1473 01
00007 4882 13
00093 0711 01
00603 2545 21
00093 0149 01
00172 3760 60
61958 1001 01
00093 5271 56
00093 1049 98
68462 0360 01
00093 0027 01
00093 7368 56
00093 7367 56
00093 7485 20
00456 1550 60
00093 7369 56
51672 4042 02
00173 0758 60
00172 4286 60
00378 0503 01
00555 0139 09
00093 7380 01
00555 9012 58
00378 3856 77
00603 3741 21
51672 4029 01
00186 5040 31
16252 0590 99
00093 7239 98
00093 7114 98
50111 0307 01
16252 0516 05
00378 7002 93
00378 1821 01
00093 7256 01
00603 2406 21
00093 0011 98
00093 5852 01
68453 0850 75
00074 7149 90
00093 0948 01
00074 6122 90
00172 4097 60
00172 6359 60
00143 1475 01
00093 7168 98
00378 0310 01
00074 3290 13
00093 7154 56
00093 5768 56
65862 0064 01
00071 0156 23
00093 5769 56
00378 0152 01
00093 4742 01
00173 0561 00
00378 1807 01
00093 3196 53
00093 7370 01
50111 0326 01
00555 0634 02
10144 0602 15
00378 0218 01
67253 0902 10
00093 0812 01
00093 3165 01
00172 3650 70
00591 5335 01
00093 7465 98
00093 4339 01
65862 0537 50
00603 5438 21
00093 4405 01
64679 0936 03
00143 9920 01
00093 7267 01
00093 0319 01
00093 7238 98
00591 0406 01
00074 3020 11
00093 3002 56
00378 0232 01
63304 0829 90
00378 4884 01
00093 9774 01
00093 0174 56
00172 5240 60
00062 2085 12
00078 0574 15
00002 3238 30
00054 2526 25
00555 0483 02
00002 3239 30
00093 4029 01
00555 0882 02
00093 4336 01
00093 0321 01
00093 3195 01
50111 0518 01
15456 0980 04
00093 7248 06
60505 0065 00
00093 0225 06
59762 2858 01
00173 0178 55
55111 0268 30
00093 1177 01
00172 4280 60
00093 0028 01
00378 1800 01
00093 7180 01
00093 7202 98
00555 0886 02
00093 7244 06
62037 0999 10
00093 1078 53
00093 7258 56
00049 4910 30
00555 0980 37
00378 3482 01
00172 5410 46
00555 0572 35
00093 5116 01
51285 0691 02
00832 1080 00
00378 4186 93
00173 0949 55
50111 0851 01
00093 1003 01
00173 0562 00
00093 0308 01